image_width: 640
image_height: 480
camera_name: narrow_stereo
camera_matrix:
  rows: 3
  cols: 3
  data: [616.451189, 0, 324.059573, 0, 617.566044, 226.923244, 0, 0, 1]
distortion_model: plumb_bob
distortion_coefficients:
  rows: 1
  cols: 5
  data: [0.034986, -0.007204, -0.006483, -0.006168, 0]
rectification_matrix:
  rows: 3
  cols: 3
  data: [1, 0, 0, 0, 1, 0, 0, 0, 1]
projection_matrix:
  rows: 3
  cols: 4
  data: [626.07019, 0, 320.112989, 0, 0, 627.673889, 223.810486, 0, 0, 0, 1, 0]